psu_hh_idcode,subjective_poverty_1,subjective_poverty_2,subjective_poverty_3,subjective_poverty_4,subjective_poverty_5,subjective_poverty_6,subjective_poverty_7,subjective_poverty_8,subjective_poverty_9,subjective_poverty_10
1_7_1,0.032222979567935725,0.06116492165151138,0.15597066101090565,0.31020991018495603,0.2350370824268551,0.12457765463359759,0.054003595303313785,0.02096327785230801,0.004358514463386036,0.0014914029052306287
1_8_1,0.026966197374982265,0.054297069082768684,0.16780772372318642,0.34674245753310695,0.23621809761777007,0.10428621119492708,0.04270146722254725,0.01634886284045982,0.0033596914295658084,0.0012722219806856367
1_10_1,0.01242884837678534,0.018644236694608896,0.05260622537778678,0.17871368050138195,0.27820544687239984,0.2577833354896755,0.12728143619049048,0.06313283535172026,0.009442985264699572,0.0017609698804512584
2_3_1,0.04176709413670821,0.09963899736665655,0.14572954147993056,0.1854671582187686,0.13959792735979457,0.1656949353252742,0.14540868258426223,0.0633692305105167,0.011142860275819259,0.0021835727422692447
3_1_1,0.03095669812045402,0.06881401080641777,0.21332484691517112,0.3151364090510715,0.2562420239647054,0.0742039226764128,0.027177385575629896,0.01028981927213761,0.0028100280343870674,0.0010448555836128554
5_4_1,0.022603404017696466,0.0382338402630818,0.0888711183908422,0.1942399480693377,0.22029315556659823,0.19427532376933201,0.13441322494311653,0.08451673068330855,0.01999570346947719,0.0025575508272091853
7_8_2,0.011321501217916334,0.021134938070322018,0.05191700960618987,0.1761625515781667,0.22585325651531313,0.2528723957504588,0.15949135154039745,0.08298559457575429,0.016002570052652487,0.002258831092828965
7_9_2,0.032342600536536203,0.10974218360215864,0.2600002056410791,0.3674702060089248,0.14786769269335479,0.04880574819013048,0.022968412670562623,0.007423556634501365,0.00235990548951618,0.0010194885332359634
9_1_1,0.024135525438541177,0.07239401763694363,0.30078686487384637,0.35866693496712715,0.1816356316818095,0.041065872067695755,0.013734048667109833,0.005271291787589501,0.0016015292077401723,0.0007082836715968748
9_3_1,0.022816623136431874,0.0667364229419358,0.2650099907489021,0.3460898889924231,0.20487801027848912,0.0601614059363289,0.02311784695377045,0.007994032955674734,0.0023052965705413838,0.000890481485502484
10_6_2,0.03484443785014055,0.14713875136249654,0.2780359708466497,0.2861289194434702,0.14481853561925884,0.06068222395864796,0.03207690590507502,0.011625815914095882,0.003393763941344776,0.0012546751588203926
12_7_1,0.030029009681461022,0.12350127795184666,0.4377519314510172,0.25915243664930926,0.10653453770877573,0.02690779766633179,0.010301696734356143,0.0040462755484579616,0.0011838354067485123,0.0005912012016956808
13_3_2,0.02266236712356557,0.04429301168266732,0.0900608264036033,0.16474435960174538,0.19907227009294426,0.18941824397058812,0.16191265334578808,0.1045264770660937,0.020875392107564228,0.0024343986054400856
15_4_1,0.028894790025488847,0.19015735170235978,0.5609421801281771,0.15708591033551036,0.04245571335653939,0.01133356089074417,0.005231798054482547,0.002586988668647451,0.0008769081137540191,0.00043479872429648544
15_8_1,0.02881811390762781,0.11113978616865135,0.34033088674716283,0.2542307501929943,0.13474550620869957,0.06623890690404104,0.038156665032628025,0.019935545723949507,0.005006818313296361,0.0013970208009491927
15_9_2,0.028554095713821327,0.17863155422264035,0.4890318223021435,0.20243707640442274,0.06635709204056675,0.018868020225175072,0.00920635398816924,0.004865005102230693,0.001428677288304487,0.0006203027125258835
15_11_2,0.03854863017312651,0.24236097331623838,0.5224751450586081,0.1400679975344057,0.03667068761882123,0.009881369904031009,0.005763465919946214,0.002827966418790816,0.0009473997129434345,0.0004563643430885808
16_7_1,0.01667413259268289,0.0313700411916984,0.09283716336333228,0.21283218680887223,0.32214185577291776,0.20483384330521254,0.07815733065985904,0.032440344377875456,0.007122621308054492,0.0015904806194950887
16_8_1,0.06632346818478144,0.2627803229712097,0.35289938779597024,0.12876809719548193,0.08056654964172279,0.05712079030667197,0.0326118545495732,0.014140118202645881,0.0036077079541473327,0.0011817031977957452
16_9_1,0.025079092348176336,0.05778577411138357,0.159799686410369,0.25367664324533346,0.26570926028499076,0.147027808244105,0.06032497899655206,0.023436306437254823,0.005643955308833731,0.0015164946130011197
17_3_1,0.01583896419500032,0.03240150103045431,0.0720994452220567,0.13775439423053834,0.29366234105382943,0.2923308898256481,0.10303040245409234,0.04363431138904825,0.007492694723549668,0.0017550558757825777
17_6_1,0.054546689371076235,0.15761875545790474,0.23915933743805665,0.16122051653126598,0.17775561344663093,0.1128580141902136,0.06536361103983068,0.02369377120959205,0.005957412673922236,0.0018262786415068023
18_2_1,0.05484705491151325,0.14121604001077234,0.22496069646772088,0.21615527031576365,0.1702377986620601,0.10489911698247593,0.05861144252185566,0.02208193947845252,0.005381451521021625,0.0016091891283641518
18_8_1,0.05949008845476991,0.16743903761554912,0.24727268317502984,0.19218575654341863,0.16179477797226466,0.08773220686364357,0.05695372719711533,0.020510556357102805,0.005051637662770767,0.0015695281583352457
19_3_1,0.05250821283300994,0.17918235321297996,0.36049821936256915,0.2164872294377297,0.1155887289266332,0.03959997210575584,0.022989773965817414,0.009093384462080556,0.002937821941397079,0.0011143037520271759
20_3_1,0.03498617539448408,0.18478206811861805,0.4794293750118561,0.18763176543675866,0.0786471812360944,0.020941542997642854,0.007949862035845254,0.0037461349204953405,0.0013085080803159352,0.000577386767889323
21_1_2,0.03626207584128051,0.24315095595085134,0.5169033553044989,0.1309213969551492,0.04293132950901386,0.014988577664235869,0.008517856101579438,0.004438077720627886,0.0013240785893569881,0.0005622963634061249
21_2_1,0.04569191058659382,0.2189149139848114,0.47962747350837986,0.17184533520647463,0.054601573519338184,0.015803031006715696,0.007509888005097551,0.00414667775081856,0.001280670049336498,0.0005785263824340386
21_5_1,0.02945521757974779,0.07156245847557643,0.1666345856922705,0.1980986685098778,0.18154151828911178,0.1665897947444934,0.10264282390048417,0.06748236134964386,0.013653252149272814,0.0023393193095215615
24_6_1,0.05136959531274476,0.11804755774546491,0.26059297092768907,0.30792247340420936,0.14977202283991595,0.06227120979335685,0.03360068081623866,0.011872895014417635,0.0032685804918832465,0.0012820136540795403
24_7_1,0.04300506907149209,0.15148723451116902,0.3339143622368082,0.27301282120846926,0.12324632427120606,0.04269519209486154,0.021948134735192228,0.0075014723932317375,0.0022065052991843176,0.0009828841783856067
25_7_5,0.05816601421193374,0.11194334628506425,0.27700245032659426,0.32944366357177124,0.13699469149783652,0.04867277537934607,0.026670265197118355,0.007640064199016726,0.0024288788513069375,0.0010378504800118307
26_1_2,0.03470369872215959,0.10140255806613327,0.1970815019327178,0.24567144631614174,0.2780369089039121,0.09357626932190036,0.0342505542786823,0.010641410561891515,0.0034561887421669904,0.0011794631542943587
26_2_1,0.02791611338931374,0.06392861032057542,0.16124608559961778,0.28379568548843914,0.3095041114106654,0.1071799087392674,0.032084121980041305,0.010111778779111723,0.0031439780479502067,0.0010896062450177241
26_3_2,0.020776705604213148,0.05677006300026021,0.15995352357405956,0.26993906556960673,0.31157927683970293,0.12438094607586087,0.03973876628970694,0.012209324627719585,0.0035341059452442,0.001118222473625837
26_7_1,0.029957976419028386,0.05482170155766903,0.15139107888182318,0.2847584979004258,0.31729040691950156,0.11063090281119906,0.035433679490722805,0.011257638067838888,0.003320819831973735,0.0011372981198176826
28_8_1,0.030619036761186928,0.09155922141892082,0.27868720275961967,0.3553195778291995,0.1525656360260844,0.05497548358433854,0.024818263279946604,0.008179387532748016,0.0022735390446287414,0.0010026517633267736
29_1_1,0.04088920400137492,0.2134360310933355,0.3364545876358366,0.22449059394078974,0.10320846844488775,0.0475359855827145,0.020899733135718673,0.009314525828154079,0.002753804500343875,0.0010170658368443414
29_2_1,0.057426411470578774,0.2916057568280435,0.3514732501338084,0.15993553526088944,0.07348416612190958,0.03407505301353745,0.019465462667314446,0.00883531803224473,0.0027002785640924667,0.00099876790758112
30_1_1,0.03925035166966128,0.1442061990795024,0.24407376239746095,0.26835553063009043,0.15332630496086785,0.08758254952258777,0.04113753801376834,0.0165012667929699,0.004163170586415029,0.0014033263466759621
30_4_1,0.03364524564394583,0.1166239502458487,0.2880611048082983,0.29251933127741275,0.152303950922137,0.06862898566222904,0.03134693049996303,0.01264392243556641,0.003074330320764987,0.0011522481838339522
31_2_1,0.06816007707402519,0.16877057900694656,0.28595616217509123,0.21621377104237846,0.17422891620246825,0.04809228098742852,0.026044120119474316,0.008379951686254982,0.0029967685617876176,0.0011573731441448243
31_3_1,0.034869324033084965,0.07770700870152275,0.21361983255606928,0.3279606027778496,0.250643422487839,0.06586017606867743,0.019623130792473357,0.006385298115937988,0.002417812090455585,0.0009133923760901326
32_3_1,0.010522606254443779,0.026590679916510755,0.0912033365339011,0.24916496189834053,0.4586343849150144,0.12742855815808582,0.024422468094707783,0.00831694486718494,0.002911479406976719,0.0008045799548343468
32_7_1,0.023001556525513077,0.07934443562599507,0.20396555347562656,0.23668470637906225,0.3382315507934945,0.08743515845007223,0.021193563361784296,0.006603976580142807,0.0026411524129759576,0.0008983463953333921
32_9_1,0.013040750697112516,0.029877580249098867,0.10211825311446401,0.23207932132868658,0.41392196247203994,0.1544090489293694,0.0371072778200819,0.012489336462675908,0.003939829038990717,0.0010166398874801134
33_5_1,0.028689606137136177,0.14803476835412777,0.3066053520269311,0.22096795711335382,0.1749486995452951,0.07847361138618608,0.027036791819715595,0.010964805787227448,0.0031852583947145517,0.0010931494353123457
33_8_1,0.047130427917302216,0.2119024220283789,0.28819780676075596,0.18729530784274248,0.14888014543343636,0.07103752314114643,0.029098200111493465,0.011575413594464106,0.003656677857795457,0.0012260753124844574
36_1_1,0.04892311233552908,0.15644499278372773,0.3198705883324355,0.26024105739321396,0.14119173484196057,0.040773319576751774,0.021642847623950925,0.007347273067443028,0.0024825485780901524,0.0010825254668972086
36_6_1,0.023173117581724464,0.09348416544719682,0.26742122772211674,0.3404435954891155,0.1796469789932354,0.061923907245407174,0.02248872321505705,0.007890378293804278,0.0025275782928707055,0.0010003277194717585
38_7_1,0.03821922048869529,0.153454297608197,0.3397605658895652,0.24558016616978887,0.12614039920511577,0.05553971987384222,0.025371470992951253,0.011699545276784327,0.0031068090246770446,0.0011278054703830471
38_8_1,0.04178366767841162,0.18534356460510856,0.3789339999464387,0.2232257132680029,0.10146656342474998,0.03842313240976706,0.018806083895242017,0.008682923745840366,0.0023869939721683562,0.0009473570542703238
41_2_1,0.038344365579270304,0.12353243428161648,0.3599244118610476,0.2878902909841955,0.13094219408883861,0.03625971855994618,0.015060526619572669,0.00538404350422827,0.0018336021519692331,0.0008284123693150582
41_9_1,0.024366460244968823,0.06667042503651997,0.2236333514575339,0.35008461526112855,0.21194256886602109,0.07583480047503474,0.03149220267868419,0.011524000332299276,0.003269432862718713,0.0011821427850907432
42_9_1,0.04065676031845398,0.24755159465167278,0.4709502872271791,0.1494187491982804,0.055233257372066934,0.019063228433450576,0.00994335547409771,0.004977074813017846,0.0015376179999083458,0.0006680745118723368
43_2_1,0.03126517975602804,0.09280734154188731,0.25837025049521484,0.3043379372154553,0.19893114306420484,0.07241378955048482,0.029243181026151387,0.009083619122117262,0.002489811758445281,0.0010577464700107064
43_6_1,0.01851170362015708,0.037494023141847514,0.11741068892459117,0.2970133684661103,0.27453631932651507,0.15589545816249484,0.06952747586780732,0.02346095752601133,0.004695869565762256,0.001454135398702964
44_3_1,0.020764686909134567,0.03082126246691545,0.09571439601350623,0.2763269602238218,0.265069642251676,0.1771508923177011,0.0866384793829926,0.03802242284171554,0.007740041475473435,0.0017512161170632047
45_8_1,0.05157553239656997,0.1578932250890225,0.2935753003334817,0.29379586738651126,0.12205213031815919,0.04544987151333183,0.02389854486248005,0.007964206074695767,0.002656080779275567,0.0011392412464721537
46_3_1,0.03397410726907683,0.11345462964905761,0.31373719479674955,0.2937927127232683,0.13100691613421744,0.06400697769654837,0.03307019189838623,0.012624951534593419,0.0031767284415105566,0.0011555898565917134
46_7_1,0.07750993188608193,0.21310425829747928,0.33464893949318564,0.20184127078759317,0.09576502323004499,0.03881941775110599,0.02422659380155453,0.009889479414131177,0.00302170183851729,0.0011733835003059825
47_10_1,0.0403153467293566,0.16425020153668915,0.3972503974743045,0.21692501373828155,0.10943011997436092,0.03909230343098114,0.021119550457167794,0.008240016587322326,0.0024062720247418194,0.0009707780467941597
48_4_1,0.035521900416314776,0.1377637473804133,0.3678750547152677,0.22108953006876567,0.12988883601408985,0.059343883804501105,0.03052090737050036,0.013131590287584143,0.0036073336703879057,0.0012572162721752424
49_1_1,0.03336891823579266,0.20851983055516987,0.5167070292976517,0.1662259454493291,0.048348073618971824,0.014279251603505079,0.007466971302896847,0.0034428253224848453,0.0011065983655800834,0.0005345562486180352
49_2_1,0.03126396563342084,0.13581010388844178,0.3730426101637,0.24394844939703245,0.1174583690205961,0.05186931849656623,0.026523426092625615,0.015051331463893836,0.0038225948516224877,0.0012098309921005953
49_5_1,0.027846198806321065,0.10866742365521523,0.3214196108054926,0.25948849343696473,0.15560903199694143,0.07299002954968722,0.0320684207916688,0.01619366447255946,0.004333131752944028,0.0013839947322054314
49_10_1,0.03869503069824965,0.15214642761610808,0.4309106036389562,0.2208092577775557,0.09892724127401503,0.03331498192777926,0.014747155173967996,0.007193704103480096,0.00229342748550221,0.0009621703043856659
50_5_1,0.02097437343232188,0.06943230670702483,0.12316987459344975,0.1520734788438027,0.2197175984690756,0.2459773663883227,0.1119298240046784,0.04652483945422197,0.00834435494611957,0.0018559831609827175
51_5_1,0.013225650088678997,0.02565480758196632,0.05225884948975606,0.09275952592920554,0.17687371480719027,0.28525274608604045,0.23203949691433987,0.10539845038696528,0.0145184712386226,0.0020182874772346287
52_5_1,0.021375567336722266,0.05470152814598412,0.11952794918617171,0.17129820082732053,0.21727815664646777,0.23409745190733522,0.12424970228660225,0.04730357254326071,0.008312775862049837,0.0018550952580855477
53_2_1,0.026015183530211414,0.04651867139013517,0.09924708399925287,0.13083148087048105,0.31238853682019174,0.2530590800969334,0.09089892995272551,0.031883058795018265,0.007326279176486705,0.001831695368563839
53_4_1,0.00955856886120274,0.023932804599877133,0.05671180102598129,0.1242875875282279,0.330567141315346,0.30540500779544477,0.10338294388355847,0.03740694061412831,0.0072815780428806135,0.0014656263333527918
57_9_1,0.011430886346844546,0.03835855802600841,0.10280292864143802,0.22707013449667351,0.43364739798856505,0.14728679455769103,0.026639085405008468,0.0084287335053932,0.00340762177105295,0.0009278592613246858
59_3_1,0.016640497271196972,0.04350194826241005,0.09421009196109699,0.15579560253049943,0.1926002434036122,0.2546073409655848,0.1655814389657592,0.06488212403817305,0.010178713757931413,0.0020019988437360997
59_4_1,0.03951821731619977,0.09345762736065757,0.1506448900392004,0.15187670041444187,0.18651839015491625,0.18165341963292053,0.1333325199097419,0.05082222397844077,0.009860416848294293,0.0023155943451866148
59_7_1,0.01462323293382091,0.03215337449062281,0.0669648910227933,0.10434034762029037,0.15046553146517175,0.2620889262507853,0.24769676528816623,0.10529096168770347,0.014249221534942019,0.002126747705703869
60_3_1,0.019316957572403367,0.07324960251358562,0.1550887641091867,0.2528801082009697,0.21985152702868715,0.1702959353709517,0.07107466898881022,0.029606478274741502,0.006842448952483012,0.0017935089881810872
60_6_1,0.04000378748503077,0.10724090897802077,0.21609105171488,0.19685244163668575,0.16539530188868382,0.12916645791462603,0.09484748165518832,0.03962702670082284,0.008593591417112351,0.0021819506089493165
62_1_1,0.01519873042557797,0.030815975685597952,0.07621081812486007,0.16496108611025176,0.18637692536061534,0.22757220836648967,0.20035935248407874,0.0820977019044188,0.014421633618939337,0.0019855679191702973
62_5_2,0.027415948207775986,0.10207324791315442,0.23934283918118285,0.2784705328177975,0.1925799841991207,0.09564411358687006,0.043373200784581574,0.015271658703853858,0.0045021368895455565,0.0013263377161175768
63_4_2,0.013068823061120182,0.018275067803473127,0.029534809726730137,0.047094512544160444,0.060984743755857766,0.20272726703380747,0.45433554271400195,0.15531376565940821,0.017059303209752213,0.0016061644916884777
63_7_1,0.030808958321769653,0.05140839231386756,0.07985138536596689,0.10741232134783034,0.12169837517362739,0.2215637097409747,0.27625757110151505,0.0947204636920128,0.014142551428659672,0.002136271513775808
64_1_1,0.011314940510992568,0.024136577370734883,0.07503772678548538,0.15536868475223842,0.3743461428711887,0.2369192604144676,0.08572922765179826,0.028847747594068305,0.006918741932154561,0.0013809501168712565
64_8_1,0.008810667865298044,0.014830379143967894,0.04721303191525103,0.13390305328255173,0.3830307759928223,0.2971105584523763,0.07907698325253097,0.027546952059444785,0.007079048692993843,0.001398549342763078
65_1_1,0.012688358680105585,0.02901947791774955,0.05315726584743729,0.1001300931295309,0.27567825496482096,0.3542789979303065,0.12120386595428206,0.044568375859426,0.007553078044509088,0.0017222316718323192
65_2_5,0.013273322078407295,0.030321338691595902,0.041546548653977,0.04835626196371602,0.16802260204256023,0.37682414886993887,0.22380687573381974,0.08694575649532027,0.009099655849782968,0.0018034896208814493
66_4_1,0.026901710284934544,0.05757350947085528,0.13560016207513237,0.18124823402236076,0.18906285612938373,0.2002369665929671,0.14167089170847277,0.05475758083864591,0.010714425373709079,0.0022336635035384725
66_6_1,0.02490971950279541,0.049494985503949575,0.1069984976122321,0.17909211649090645,0.1903640172027375,0.20407171761964293,0.16598068311529987,0.06509954194156355,0.011765667748803285,0.0022230532620691524
66_7_1,0.023295361449578694,0.03832259142828156,0.095932316946421,0.17134412039141728,0.22488670252906157,0.2495825191390403,0.13307416970559272,0.05059923321607738,0.010695388406894291,0.0022675967876353
68_1_1,0.03045863740380235,0.0812647808212821,0.20674787559078397,0.3367341274227803,0.2078666955289319,0.08316693193699783,0.035998618060018986,0.013073997789453996,0.0033774765627681597,0.0013108588831804691
68_3_1,0.036777269429090376,0.13186127195435005,0.22611570002011694,0.28203770590425264,0.18113729089002373,0.08201737168814062,0.04061560156259467,0.014145392996210312,0.003843389593755264,0.0014490059614652702
68_5_1,0.03696725368448982,0.0762570087705267,0.20434725523455832,0.350961166675492,0.1907943506359384,0.07963166243291289,0.04139753286940733,0.014707437630981183,0.0035730252403672162,0.001363306825326197
70_8_1,0.011126514424888599,0.023610710583244706,0.058798081248585383,0.15543214381177733,0.27696143163974585,0.2842761599291646,0.12389685844716715,0.05374954819512307,0.010306153957761004,0.0018423977625422522
71_3_1,0.038374224853007434,0.13088518914968333,0.16095408608743814,0.1872939696577928,0.22655580326376878,0.1539911643348558,0.06838005764410544,0.02503935478306896,0.006861612737615473,0.0016645374886636892
71_4_1,0.10356808247205718,0.23243631708694648,0.2522143961138497,0.16093006420059222,0.11153825248004148,0.06861463308117775,0.045300273852344405,0.01870630526166834,0.005169783810709859,0.001521891640612462
72_2_1,0.024733806661387556,0.06556390289882431,0.156098829302245,0.2796094600376621,0.25390191297945164,0.13146174905926306,0.0620890546624291,0.0198801782275948,0.005231242402150695,0.0014298637689917917
72_7_1,0.026617404797796385,0.08153552682747524,0.21812226016269298,0.317330121278226,0.18035261299417005,0.0960286293389784,0.054699587685966194,0.019271401506220934,0.00466936244011718,0.0013730929683563899
73_5_1,0.021345303326104775,0.05592824030249321,0.23837228100168234,0.4228284486498106,0.1693662130052679,0.05518106856774769,0.02638938782661778,0.007699044222058261,0.001985016237405565,0.0009049968608117434
75_4_1,0.01541582221679609,0.18691422442376845,0.6784194766916617,0.0901750838299363,0.018519642811149994,0.0057207996636962745,0.0029421048759215563,0.0012706488822336645,0.00039705451741955895,0.00022514208741642017
76_1_1,0.030489851932420313,0.1289173280111464,0.4408296771877526,0.2661639547873298,0.08797837180754416,0.026012503948800874,0.01255881871332537,0.004894767887712183,0.0014586051789285913,0.0006961205450396805
76_4_1,0.039336366345302146,0.14520474889287632,0.42149863915044916,0.25784815702653663,0.09045088648521059,0.02421835104898358,0.013203124964365912,0.005813252578752999,0.0016567517350246587,0.0007697217724981999
76_7_1,0.03023998523242265,0.12556562013233,0.4584341089310259,0.2713757008718285,0.07528736128053908,0.021933344660057863,0.011155715599376542,0.00415039861876959,0.0012355601772125373,0.0006222044964372816
77_1_1,0.034977052349814665,0.14643512805030315,0.3966619104574872,0.2675500869735663,0.09712006025723177,0.031485452960591354,0.0165885091811712,0.0062773190215458345,0.0020249256795759948,0.0008795550687124222
78_1_1,0.02482816258049945,0.16798122812386593,0.5692324293208362,0.16756863370350306,0.045643946474560236,0.0137111825233719,0.0066573357403634575,0.003065048414344988,0.0008687471759171944,0.0004432859427374974
78_8_1,0.020892389292433425,0.05017284400333995,0.1526091630206197,0.23354243104209899,0.2133589325843372,0.17058978712990894,0.09658387922835449,0.05138681294375998,0.008969047784376197,0.0018947129707713064
80_4_1,0.03590162804251172,0.129425195616135,0.34462147985774927,0.2849522361218787,0.11860625508795004,0.05055451639142765,0.022249064778401224,0.010347525376492039,0.0023799430309889413,0.0009621556964655048
80_7_1,0.048449411889217676,0.2168163343311448,0.36977420095193037,0.19726725014770052,0.09120652123269168,0.0423957038011372,0.020883211706135493,0.009651486772814591,0.002549706581513003,0.0010061725857147047
81_6_1,0.02211861674097914,0.05299726792739279,0.20777888508420816,0.4353902308534282,0.2119571176075172,0.0445469625154064,0.017801872077519088,0.00502421809803718,0.0015919902132062427,0.0007928388823058198
81_7_1,0.01685307681018312,0.03402691237865849,0.16305956600242938,0.46898762116922055,0.22790275215191416,0.05784918216489087,0.02194817207231267,0.0065927593071605246,0.001929903127001219,0.0008500548162289465
83_4_1,0.01836057076582197,0.04191319330122184,0.170530369844859,0.3985935002221011,0.27365353614138865,0.06717627160400409,0.020602964199184233,0.006349544427006143,0.0020064663816196674,0.0008135831127932291
83_8_1,0.017339353053914933,0.0271912101322873,0.13542473677918834,0.4157960555754128,0.30210111253625954,0.0703546959594745,0.02189850206945382,0.007078506542044415,0.0020209438259572313,0.0007948835260071277
84_3_1,0.011627068026864897,0.030474081820876204,0.09142278239665744,0.23374223928914062,0.32233470506195067,0.21227781172812413,0.06571942759071547,0.026031121121456217,0.005029855878556389,0.0013409070856579503
84_4_1,0.01846386775266258,0.041739117366314346,0.14121241891796232,0.3095323511302229,0.29239600306021873,0.13225706509638793,0.04279411902925582,0.017071480345420588,0.0033719704099522746,0.0011616068916024814
84_8_1,0.02851772322845066,0.09690909805876881,0.19839969001913485,0.25477441683082447,0.249466786287599,0.11044098766779291,0.041069965844143734,0.015368651828424987,0.0037380256520597394,0.0013146545828007319
85_2_1,0.023207336261256276,0.06686052386891873,0.18868136028864435,0.322112594989344,0.23258832302300073,0.1087461356003167,0.038579938890518944,0.014345726150930185,0.0036118002754076377,0.001266260651662395
85_4_1,0.03174375764858881,0.10389017715629487,0.2387340452684842,0.2998196117286534,0.18525851792956566,0.08693503726139536,0.03519040386764633,0.01355696009143259,0.0035972885508737296,0.0012742004970650743
87_1_1,0.027076303612742072,0.07255438749402922,0.2045346756608508,0.3998469577786168,0.1885613535372762,0.06410264817973926,0.030271357302819556,0.00909466734859903,0.0028302168149457662,0.0011274322703813497
88_3_1,0.024790312620872355,0.07540155148415349,0.2268395179143584,0.2976797603053928,0.2630258106630787,0.07783779121800716,0.022688223341315046,0.008316830728939992,0.002481988372597483,0.000938213351284671
88_4_1,0.014713016272580351,0.0389585439654565,0.12267438649138093,0.26396542053838645,0.34793251434677985,0.15161824049893646,0.04063364788357942,0.014467011581681462,0.0038888408607455245,0.0011483775604731181
89_6_1,0.049227037204910104,0.16730549584327264,0.29548821878248127,0.2206466833012816,0.17256111069073066,0.05579590801323555,0.02509856297187752,0.00966617165536364,0.0030813306781394445,0.0011294808587074042
90_2_1,0.02847076643222329,0.11088368441510396,0.19690331236614564,0.2517449892473236,0.23922256322662708,0.11441668430877515,0.03814125057226067,0.01513095632936098,0.0037756025767094886,0.001310190525470077
90_5_1,0.030752398018583704,0.10698716172320973,0.2616427521204318,0.27667214272810214,0.19275397034088118,0.0836637262465199,0.032202145059100296,0.011283396531335145,0.002930179278852829,0.0011121279529834023
90_6_1,0.03656508128845016,0.0834117365059888,0.18836446811678756,0.27844038910717894,0.2394512342020279,0.10566377000066252,0.04452428313693015,0.018064598635809084,0.004100778681999076,0.0014136603241659276
91_3_1,0.0400488732761401,0.15386462570098464,0.28534947123277576,0.2453813346172512,0.1525506406094936,0.07283247091306988,0.03171246887373413,0.013583335698419453,0.0034420799902075703,0.001234699087923823
91_4_1,0.031908844452835594,0.09487350963177485,0.22666897192429858,0.2902600866513413,0.19571383595245032,0.09836386500310389,0.03954743679121896,0.017402502585152555,0.003951966044351423,0.0013089809634726191
92_1_1,0.03235935180414486,0.11935523182066592,0.2494021468897436,0.26720698224679845,0.22844975636293982,0.06807212878631858,0.023368551021653017,0.007990910926216304,0.002786489237125106,0.0010084509043943174
92_5_1,0.021570384246104538,0.06250427025124955,0.19962154165821042,0.3053188026067641,0.27058533657774175,0.0948763420679991,0.03043305788155911,0.010868738649718969,0.0031806513679382285,0.00104087469271413
93_6_1,0.04876097319649114,0.11303020412051254,0.23514973528927302,0.27551355903969554,0.1950367479175121,0.07696336037841676,0.03761446805138235,0.013075539008885636,0.0035437974090694337,0.001311615588761618
95_2_1,0.039731444865078375,0.155911625920631,0.3017607350174447,0.2477178418017783,0.15317602805185282,0.05906197785284871,0.027590882630197537,0.010809984818956132,0.0030794039393418253,0.0011600751018705894
96_1_1,0.041605718743988725,0.09481013706118695,0.2494938742370588,0.383754626338479,0.1449684468049623,0.0470011556837958,0.02645428610758226,0.008302880913651558,0.002495481224432901,0.0011133928848615783
96_10_1,0.0202178035391499,0.050041051142980894,0.22145793327772265,0.4756685949808785,0.16243047189159385,0.04356529337343687,0.01857212092508883,0.005608695922913878,0.0016298113906138888,0.000808223555620903
97_1_1,0.039437012724937257,0.14758679911126144,0.1498260675001478,0.10378585107731868,0.08932054071963003,0.17591312571876472,0.16724869304320683,0.1062854438912443,0.01795119158507146,0.0026452746284174496
97_2_1,0.046429311708945556,0.2321449671838737,0.20195879943339518,0.11301387873048892,0.08086276467740507,0.131177999475186,0.10767196515742812,0.07101824488183772,0.013406430017025859,0.002315638734413967
97_3_1,0.06096523755429673,0.49081414335019063,0.3064853609283792,0.06705377237546778,0.027681025374179286,0.023211036607513377,0.01414846623165448,0.006988725427240888,0.001935880619825232,0.0007163515312526646
97_7_1,0.07181302301701009,0.48811825727196817,0.27827021586508327,0.07184261747757056,0.03208874779844415,0.02767284292490716,0.017717517404311288,0.00914052532298441,0.002479017193807673,0.0008572357239132473
97_8_1,0.06873679479921123,0.5694673657233592,0.26795601934714935,0.041646168852282735,0.01833407679736897,0.014555924605874081,0.011102736564046426,0.005968362722106571,0.0016243340914456133,0.000608216497155674
99_1_1,0.01864387596896828,0.06056048927894995,0.12465162758705042,0.24533857334277004,0.33298797702305233,0.15564201728707114,0.04270848348758749,0.01440920529190966,0.003850798259660142,0.0012069524729805775
100_2_1,0.02196578101612269,0.06322901525098351,0.18864378806390036,0.3569782265994815,0.24337031566653763,0.08462133416588878,0.028726571295822977,0.008590711987704799,0.002828021447976595,0.001046234505581353
100_7_1,0.018934450128557608,0.061370834206015926,0.18081921364020198,0.372485329252031,0.2534214812296419,0.07796097622540686,0.023831716726141962,0.007660251652854117,0.002537410650644243,0.000978336288504358
101_5_1,0.02236509177492379,0.06252177041606294,0.1339163203763814,0.24019653314984027,0.3641162815591719,0.12701946500346417,0.03426054153421097,0.010804163929472494,0.003714506621484242,0.0010853256349878531
102_7_1,0.03072673785433561,0.12228668392776251,0.3296387904417406,0.24443635230033733,0.17544974952363784,0.06117144645548697,0.024104549915307763,0.008468430217974818,0.002733121625790767,0.000984137737625668
102_8_1,0.030644595732861043,0.1322866745138127,0.33878516834567546,0.23600002320693103,0.16362507387495973,0.059530591255888075,0.026384387869193844,0.008883979744836559,0.0028647323164843704,0.0009947731393573425
103_7_1,0.02586645001873278,0.06901946152000943,0.1477611198869415,0.17820336871454626,0.21496611094051954,0.19782955244491882,0.10478289196169645,0.0492438858505809,0.010149246897525603,0.0021779117645287995
103_8_1,0.05939513782452684,0.29252324084757075,0.36266086281329196,0.15864935298284702,0.06554363153650117,0.03137090152186113,0.018210565016094506,0.008284097048395143,0.0024197884677871298,0.000942421941124373
104_2_1,0.02045872546674759,0.05647773287753539,0.23816538303480803,0.4478384252647824,0.14754779148665018,0.05321451086637801,0.024303595632444573,0.008403776346056723,0.0026541744987101123,0.0009358845258868917
104_4_1,0.020307120537400004,0.059305317111528456,0.18766091565072834,0.3609421536829407,0.23125363463927573,0.0909436078364187,0.03265709305000268,0.01236020215264319,0.0034287536977516586,0.0011412016413105618
104_7_1,0.04928764613480038,0.19540750623027847,0.3299469562493857,0.2328479481201301,0.111687573205442,0.04562861235324426,0.02294681086570685,0.008521642439448869,0.0026837990622679735,0.001041505339295433
105_1_1,0.05395459445955829,0.216238384792424,0.3639926772454588,0.21131279672853184,0.09949846322971367,0.029828011214591808,0.01624142226070877,0.005983721195183891,0.0020465581011231727,0.0009033707727057208
106_10_1,0.027130770694803928,0.19097200265106548,0.31375266608074687,0.21146899523441373,0.15397067910036846,0.0670462694701265,0.022376366405184415,0.009197784444890748,0.0030589336361996847,0.0010255322822002343
107_5_2,0.030256176687464494,0.16760289761145455,0.40808061438289417,0.20327449631909633,0.12689805439579055,0.03938897278256879,0.015277599103304756,0.006362091602474508,0.0020629858952328113,0.0007961112197189496
107_7_1,0.039131276743449864,0.13629866299107332,0.34002829802670215,0.22088158047443304,0.15785128498001094,0.0640832365810071,0.025835831850690025,0.011195430262161538,0.0035301325415204574,0.0011642655489515282
107_8_2,0.0149201630810471,0.10720254613234632,0.2961949786966464,0.2790395573003097,0.19494381891714876,0.07553598215461986,0.020411755845911664,0.008196838965360255,0.0026717950106428766,0.0008825638959670318
108_7_1,0.03420709429342086,0.18527234023396688,0.3363417736733983,0.19656401978492782,0.13592587511922644,0.06692528613827195,0.02679194624707653,0.01303758631426411,0.0037399927700944974,0.0011940854253525346
108_10_2,0.02899875568406556,0.11921840929349589,0.23670295352604276,0.201476290144899,0.1780523806158556,0.13537217571779206,0.06544607168101568,0.027201563942164626,0.005952689322558372,0.0015787100721105626
109_8_1,0.03291754323108419,0.1330560659944031,0.2403213195125209,0.21367330997100936,0.1954145880792704,0.111700585062925,0.04757429583194085,0.018758048315047775,0.005057023159957301,0.0015272208418411844
110_1_1,0.028510793530187106,0.12842237282243535,0.2919130912217795,0.23720687816881994,0.18980565962940477,0.08069532519441155,0.027887181042709847,0.011028504537296679,0.0033449224494379944,0.0011852714035172974
110_5_2,0.010204877728053225,0.015039405636880304,0.031481259980858184,0.07590079111000483,0.16274892524895135,0.26088251788934697,0.24345780113129095,0.16960038467256017,0.02845285567905377,0.0022311809230002536
110_8_1,0.014968271839061286,0.034505308258423795,0.08760710900219953,0.1915636175570848,0.3132072287239761,0.23534667561242484,0.07792180751548611,0.034748197266220214,0.008315532546573098,0.0018162516785502527
112_11_1,0.038226706722351574,0.09884219108724361,0.15976675762970216,0.2133458504278085,0.2092011332828746,0.1549127003024253,0.08097813068683515,0.03530072745180635,0.007474467210752042,0.001951335198200719
112_12_1,0.010920373360768253,0.01736261675116791,0.04076346509186777,0.11797507562154881,0.27302746572750625,0.33438621180315603,0.13205592102242267,0.060165020866868195,0.011353114941622134,0.0019907348130719063
113_5_1,0.015743908943081805,0.03454272376738579,0.06567002084339517,0.1490752532803095,0.23466477704617195,0.27502565809069146,0.14981818482506162,0.06081833208292309,0.012607349225791762,0.002033791895188067
113_7_1,0.008824493011499806,0.008856630449766804,0.018112391496339978,0.05629513459277899,0.15022797403940463,0.3137280151584297,0.26296626603023937,0.15242002578209238,0.02649345242653822,0.002075617012910116
115_7_1,0.007742513905135201,0.010883065898655706,0.028286951994193052,0.0854620849515215,0.2695265820509638,0.31630736349035093,0.16501347048472442,0.09420860636115569,0.020715915906461293,0.0018534449568384554
115_11_1,0.038490988072999305,0.0725763216548197,0.1136491873073103,0.16054957970451297,0.3390444068352519,0.17267737553052695,0.06907064772688139,0.024869393330754747,0.007282255929247063,0.0017898439076957948
115_12_1,0.01044272914104492,0.018567428210081567,0.05326961090898972,0.15377615453649227,0.39416021154065817,0.2611036995098571,0.0718345257694669,0.028401301883940713,0.007058599599298799,0.0013857389001697576
116_3_1,0.006168494046866635,0.015174753051062232,0.028213193968365805,0.0801011020861314,0.2553092010467115,0.42696135456257306,0.12903801634772832,0.04988669664356716,0.007632659098917318,0.001514529148076471
116_8_1,0.003405859513251187,0.004129475258560343,0.006288586674930111,0.01925743229240487,0.09941996469289466,0.3528900559342194,0.28660848561845736,0.20252780421819422,0.023960074578622217,0.0015122612184658255
117_1_1,0.0052559446070571635,0.011406971733401824,0.02218521722489708,0.06806011704440537,0.26114831117262494,0.4359085161347729,0.13267123952491486,0.05344758774588533,0.008470208277584086,0.0014458865344565445
118_12_2,0.025145043543072256,0.06968557782008881,0.14885724011981227,0.18889398297877855,0.17957124390295862,0.16947872438567751,0.13162620521798343,0.06988304711014427,0.01464817188295801,0.002210763038526374
119_3_2,0.032972330754082214,0.07361381030522006,0.14460351374767172,0.19131492216855794,0.2332798463950966,0.1818844884439456,0.09700207211843677,0.03552388219457677,0.007922348267869474,0.0018827856045430518
119_10_1,0.016755384993071384,0.03260545166521895,0.07082038870286766,0.1712703169647007,0.25797094344732385,0.2529804692534158,0.13200439161797634,0.053212668497711134,0.010482957589772914,0.0018970272679411917
119_12_2,0.03140152149850322,0.057275888281385474,0.11687769570205993,0.21175087117923433,0.25250831083863545,0.19548305826643156,0.09241858218306971,0.03290637752485603,0.007551075844852466,0.0018266186809718806
120_2_1,0.03333729940206359,0.09982976222249682,0.2190685454272339,0.24890897140807206,0.20606984418557261,0.1150803881159646,0.04996445461500155,0.0204276706820042,0.005687499407151586,0.0016255645344390446
120_3_1,0.028811238318545887,0.07759088930943743,0.1807263217026793,0.24171026287645478,0.2453266520963721,0.13995050711735868,0.05533565615654061,0.02248120060458884,0.006332712808364048,0.0017345590096583474
120_7_1,0.02614591771759356,0.07247694525292153,0.16284721001038593,0.22290820323324606,0.26728832190002244,0.16432977626678721,0.054220354257502455,0.02139978479635608,0.00659587226865438,0.0017876142965303735
120_10_1,0.0601753412392471,0.1710125212274622,0.3070923396723388,0.1896829703046244,0.14151558247100196,0.07156151597978665,0.036851606295300585,0.01579361762091555,0.004721030597156837,0.0015934745921657686
121_11_1,0.0443964901029554,0.08971516580426549,0.18890645709086434,0.2643306529696135,0.2236379675804458,0.11368188071029375,0.04912751168423454,0.018863178846429778,0.005676894106966644,0.0016638011039308179
122_5_2,0.010643953876400145,0.009597201658030784,0.03285416423294747,0.11333608099497175,0.2798636265500976,0.2825117853985688,0.16331786168108303,0.08459442670727484,0.02106435566885356,0.0022165432317720495
122_15_1,0.014928169339465239,0.026851830216905247,0.09923568292925596,0.3216464099105731,0.3510100062604112,0.12585385310419595,0.04061015390523909,0.013824060098350048,0.004723055251583034,0.0013167789840210387
123_7_1,0.03873499217439244,0.10488447484034645,0.21836301803061786,0.3458560616081634,0.1985856131812937,0.057684761841125455,0.024626601059995118,0.007426179884321984,0.0027110120590511017,0.0011272853206927282
124_1_1,0.00684154017513273,0.009784234769292096,0.02853148802177405,0.09199629857023829,0.30804008935494376,0.3614765052922975,0.128571270130246,0.0535052949198984,0.00968040296697735,0.0015728757991996835
124_7_1,0.016638880202498006,0.04624320862021834,0.10599992868496025,0.21333376396862958,0.36182148676625236,0.18674870214931957,0.04705960163995132,0.016209674775271726,0.0046004172814958855,0.0013443359114028853
124_10_1,0.005556300189031014,0.006577705200867786,0.016459182355355075,0.054834337735290097,0.2164394037652122,0.35864247028792584,0.211871307015841,0.1091958631048862,0.0186813885433411,0.0017420418022495731
125_1_1,0.02327663880472204,0.08348788814416142,0.134547854917768,0.1892595606176282,0.2544762985949125,0.2066123239605776,0.07149271651798,0.029142302416984355,0.006071410971335078,0.0016330050539309486
125_4_1,0.031443353437263885,0.08235878161321704,0.16050115309708116,0.20101704354546607,0.2609572435385606,0.17075324851460622,0.062171593007269606,0.02410736726158645,0.005122722083420118,0.0015674939015287985
127_7_2,0.049913520879670235,0.15176771768574393,0.27009418197809015,0.23054125249974164,0.163900867200445,0.07313873931015429,0.039637075009116576,0.015399800667687027,0.004155964805684715,0.001450879963666469
127_12_1,0.047691618280356556,0.1833769028756243,0.251363271286065,0.22221422410488978,0.17090439542175054,0.07377025469972726,0.033011421495561154,0.012395181817385057,0.0038887987100457186,0.0013839313085947586
128_1_1,0.021572030903472747,0.0513344923073802,0.10870788216239184,0.19088891332949376,0.23324012589190168,0.22479367979758683,0.11103958653590024,0.04567599466969673,0.010782998364894521,0.001964296037281393
128_7_1,0.029247834667255418,0.10423994948225385,0.15821341552133766,0.21355809800443165,0.2573073260403314,0.15201440295183977,0.05554462652027758,0.021479660221866852,0.006715627842030143,0.001679058748375567
